Number      rtot_com_com         rx_com_com         ry_com_com         rz_com_com          angle_pa1          angle_pa2          angle_pa3       s1_energy_tot       s0s1_energy_exc   s0s1_osc_strength    s1_energy_bind   lifetimes_fluo 
 001           4.193966           2.828085           0.006893           3.096973           0.013453           0.048562           0.050251        1230.652620           3.019545           0.000000           0.670069    2.217184E-02    
 002           4.021821           1.245808           2.168381           3.149783           4.707233          53.595086          53.354744        1230.648747           3.270915           0.065084           0.564704    3.309594E-08    
 004           3.135784           0.000470           0.000276           3.135784           0.012179          49.770137          49.770140        1230.671005           2.458072           0.030232           1.170350    1.261616E-07    
 005           4.016135           1.238361           2.158867           3.151999           4.901013          52.636266          52.372253        1230.648740           3.269562           0.062791           0.564503    3.433327E-08    
 007           4.014050           1.441005           1.962617           3.191274           5.138748          46.707582          46.473712        1230.652274           3.023907           0.068763           0.660671    3.665178E-08    
 008           4.017301           1.454659           1.959918           3.190829           5.138209          46.548293          46.310732        1230.652274           3.024778           0.068918           0.660679    3.654869E-08    
 009           4.024370           0.628820           2.329653           3.220692           0.012507           0.015583           0.010053        1230.649954           3.292971           0.000000           0.597525    1.118562E-01    
 010           4.013975           1.438275           1.965154           3.190851           5.126319          46.784061          46.553039        1230.652274           3.023915           0.068896           0.660674    3.658089E-08    
 011           3.306128           0.025082           0.036382           3.305833           0.217868           0.309938           0.220578        1230.665750           2.604213           0.000001           1.027368    5.879073E-03    
 012           4.190975           2.831341           0.001500           3.089948           0.009061           0.025572           0.023933        1230.652583           3.012183           0.000000           0.669067    1.607570E-02    
 013           3.917426           0.005329           2.240719           3.213312           2.329188          60.166919          60.167478        1230.648671           3.354652           0.151313           0.562632    1.353376E-08    
 014           4.014879           1.442487           1.959929           3.193300           5.114823          46.590558          46.363081        1230.652286           3.027533           0.067800           0.660997    3.708337E-08    
 015           3.235141           0.023798           0.002622           3.235052           0.040594          78.932262          78.932265        1230.655841           3.065081           0.124603           0.757724    1.968688E-08    
 016           3.137042           0.010691           0.000216           3.137024           0.068109          49.651773          49.651734        1230.671013           2.461927           0.030172           1.170593    1.260177E-07    
 017           3.136591           0.000206           0.000012           3.136591           0.002015          49.675207          49.675207        1230.671010           2.460896           0.030175           1.170500    1.261121E-07    
 018           4.015995           2.696967           0.302407           2.960260           5.195874          46.700005          46.456226        1230.652328           3.022880           0.069151           0.662149    3.647136E-08    
 019           4.015383           1.441827           1.965001           3.191113           5.140736          46.706780          46.472739        1230.652275           3.024354           0.068865           0.660682    3.658678E-08    
 020           5.347531           3.900760           2.170611           2.944249           0.244730           0.674053           0.710070        1230.643682           3.129490           0.000023           0.426856    1.013748E-04    
 021           3.133351           0.002668           0.002945           3.133348           0.056485          49.835252          49.835276        1230.671003           2.454488           0.030356           1.170314    1.260161E-07    
 022           4.015254           0.629246           2.302608           3.228670           0.586064           0.768622           0.519117        1230.649951           3.291171           0.000094           0.597442    2.271517E-05    
 023           4.016890           1.220765           2.179202           3.145825           4.903054          52.582361          52.319719        1230.648735           3.269411           0.062597           0.564355    3.444286E-08    
 024           4.015568           1.449164           1.959859           3.191185           5.140629          46.591786          46.355875        1230.652276           3.024377           0.068762           0.660720    3.664103E-08    
 027           4.021754           2.706437           0.292647           2.960417           5.089654          46.701879          46.471284        1230.652331           3.023224           0.069541           0.662213    3.625838E-08    
 028           4.014318           1.441359           1.962699           3.191401           5.149159          46.689032          46.454463        1230.652273           3.024031           0.068689           0.660638    3.668866E-08    
 029           4.013608           1.443951           1.959446           3.191336           5.127973          46.537040          46.300716        1230.652277           3.025186           0.068535           0.660748    3.674291E-08    
 030           4.192906           2.825068           0.011826           3.098275           0.042442           0.055507           0.036598        1230.652620           3.018822           0.000000           0.670088    3.890464E-02    
 031           3.238790           0.096801           0.091959           3.236037           0.280974          79.089828          79.090535        1230.655771           3.070426           0.124801           0.755815    1.958736E-08    
 032           4.017598           1.258314           2.139062           3.159454           5.087830          53.016169          52.734130        1230.648713           3.268405           0.064368           0.563772    3.351557E-08    
 033           4.192270           2.824791           0.014136           3.097657           0.007154           0.014250           0.013908        1230.652621           3.019139           0.000000           0.670096    4.213783E-01    
 034           4.017615           2.699614           0.303018           2.959982           5.183381          46.717279          46.475738        1230.652329           3.023287           0.069250           0.662165    3.640935E-08    
 035           4.188122           2.825548           0.022838           3.091298           0.020581           0.020612           0.002287        1230.652580           3.011194           0.000000           0.669003    3.177037E-01    
 036           4.021490           1.680158           1.705207           3.231365           1.744775          57.080548          57.073148        1230.648508           3.370685           0.179604           0.558185    1.129371E-08    
 037           3.234498           0.008951           0.001689           3.234485           0.067453          78.833423          78.833457        1230.655843           3.064664           0.124950           0.757782    1.963762E-08    
 038           3.950479           0.081682           2.292469           3.216240           1.422165          59.019104          59.019280        1230.648659           3.364621           0.170509           0.562285    1.193904E-08    
 039           3.137672           0.000232           0.000089           3.137672           0.000609          49.554685          49.554685        1230.671020           2.464478           0.030100           1.170771    1.260607E-07    
 040           4.031204           0.710580           2.315109           3.222724           0.003228           0.006733           0.006704        1230.649981           3.273649           0.000000           0.598259    3.072044E-01    
 041           4.013718           1.434053           1.968534           3.190344           5.112841          46.875276          46.646336        1230.652273           3.023987           0.069060           0.660636    3.649254E-08    
 042           4.196226           2.832554           0.015780           3.095917           0.042015           0.042355           0.007463        1230.652619           3.020450           0.000000           0.670059    8.148630E-02    
 043           4.023332           0.606146           2.335111           3.219789           0.005655           0.016976           0.016682        1230.649939           3.298189           0.000000           0.597115    5.741327E-03    
 045           3.298957           0.014802           0.022153           3.298849           0.011874           0.012082           0.002628        1230.665683           2.585900           0.000000           1.025534    1.723202E+00    
 046           4.016436           2.696241           0.304185           2.961336           5.122794          46.767766          46.534715        1230.652329           3.022805           0.069144           0.662158    3.647645E-08    
 048           4.013666           1.434937           1.964552           3.192336           5.183505          46.794892          46.557055        1230.652272           3.023825           0.068890           0.660603    3.658666E-08    
 049           4.191685           2.823332           0.012649           3.098203           0.028423           0.037558           0.025760        1230.652619           3.018792           0.000000           0.670058    4.958530E-02    
 050           3.135412           0.008818           0.003572           3.135398           0.021581          49.745270          49.745269        1230.670999           2.457848           0.030232           1.170211    1.261883E-07    
 051           3.137680           0.003067           0.000951           3.137679           0.010867          49.539024          49.539025        1230.671020           2.464761           0.030098           1.170770    1.260392E-07    
 052           4.014748           1.442113           1.965121           3.190111           5.096867          46.643011          46.412439        1230.652276           3.024723           0.068668           0.660729    3.668319E-08    
 053           3.137059           0.001092           0.000162           3.137059           0.019883          49.589871          49.589862        1230.671015           2.462586           0.030111           1.170648    1.262064E-07    
 054           4.013527           1.445919           1.955950           3.192488           5.188686          46.655632          46.414549        1230.652271           3.023689           0.068829           0.660585    3.662231E-08    
 055           4.014194           1.442451           1.962264           3.191020           5.131955          46.697988          46.465365        1230.652274           3.024095           0.068747           0.660680    3.665576E-08    
 056           4.014778           0.829781           2.240055           3.226772           0.823443           1.979239           1.804110        1230.649950           3.250224           0.000801           0.597422    2.724817E-06    
 057           4.195126           2.828548           0.007943           3.098118           0.058632           0.080478           0.059701        1230.652618           3.019473           0.000000           0.670027    2.689054E-02    
 058           4.017272           2.697717           0.303886           2.961156           5.115466          46.756794          46.525043        1230.652329           3.022884           0.069147           0.662159    3.647321E-08    
 059           4.018366           2.698942           0.298515           2.962071           5.064907          46.718380          46.491895        1230.652332           3.023262           0.069223           0.662255    3.642413E-08    
 060           4.023843           0.709123           2.302109           3.223159           0.024502           0.036715           0.027906        1230.649985           3.273982           0.000000           0.598389    7.962938E-03    
 061           4.015700           2.696370           0.302489           2.960394           5.193494          46.611134          46.366096        1230.652329           3.023072           0.068925           0.662170    3.658623E-08    
 062           4.014444           1.215832           2.171439           3.149980           4.963181          52.505300          52.234199        1230.648735           3.268382           0.062403           0.564366    3.457147E-08    
 063           3.138679           0.005862           0.013345           3.138645           0.095089          50.050120          50.050020        1230.671022           2.466087           0.030837           1.170829    1.228863E-07    
 064           4.195151           2.830684           0.004101           3.096208           0.028435           0.030247           0.012319        1230.652619           3.019864           0.000000           0.670054    4.211760E-01    
 065           4.187592           2.818031           0.003326           3.097517           0.034592           0.035812           0.011390        1230.652622           3.017475           0.000000           0.670138    6.327650E-01    
 066           4.016239           1.441277           1.967735           3.190754           5.128952          46.704192          46.470962        1230.652276           3.024801           0.068848           0.660713    3.658510E-08    
 067           4.014726           1.438672           1.965188           3.191596           5.158398          46.722117          46.486289        1230.652272           3.024188           0.068790           0.660623    3.663094E-08    
 068           4.019373           2.701418           0.304152           2.960607           5.138514          46.550075          46.308799        1230.652328           3.024511           0.069112           0.662142    3.645219E-08    
 069           4.025126           0.759387           2.284721           3.225681           0.311708           0.614316           0.537895        1230.649923           3.261480           0.000083           0.596698    2.604915E-05    
 070           4.190139           2.822149           0.006245           3.097209           0.029156           0.034920           0.020156        1230.652622           3.018260           0.000000           0.670123    1.806959E-01    
 071           3.295895           0.029958           0.039118           3.295527           0.026895           0.172173           0.170348        1230.665662           2.582322           0.000000           1.024963    1.025508E-02    
 072           3.996451           1.432279           1.933819           3.190696           5.061257          46.473726          46.240583        1230.652229           3.021740           0.068183           0.659444    3.701708E-08    
 073           4.016663           1.445702           1.965555           3.190631           5.131957          46.649670          46.415723        1230.652274           3.024548           0.068828           0.660662    3.660201E-08    
 074           4.193887           2.828968           0.015048           3.096030           0.056976           0.059108           0.016155        1230.652621           3.019912           0.000000           0.670122    3.198705E-02    
 075           4.027848           0.726599           2.303277           3.223434           0.005160           0.008098           0.006831        1230.649987           3.270234           0.000000           0.598426    7.836091E-03    
 076           5.350043           3.911448           2.161128           2.941609           0.083639           0.225294           0.233122        1230.643684           3.128695           0.000002           0.426920    1.017419E-03    
 079           4.204346           2.844782           0.006550           3.095755           0.045370           0.171443           0.174435        1230.652615           3.022975           0.000001           0.669943    1.747649E-03    
 080           4.191065           2.822893           0.012360           3.097765           0.013999           0.048512           0.050378        1230.652621           3.019045           0.000000           0.670107    3.511706E-02    
 081           4.021017           0.569476           2.338767           3.220939           0.200174           0.349476           0.306817        1230.649910           3.304922           0.000031           0.596333    6.831777E-05    
 082           4.017823           1.259920           2.137385           3.160236           5.089464          52.983381          52.701255        1230.648718           3.268246           0.064342           0.563911    3.353267E-08    
 083           3.299877           0.019223           0.031088           3.299674           0.070430           1.010617           1.010740        1230.665663           2.590048           0.000013           1.025001    2.691456E-04    
 084           3.136683           0.002954           0.001033           3.136681           0.028820          49.663415          49.663410        1230.671011           2.461212           0.030174           1.170532    1.260817E-07    
 085           4.027287           0.697224           2.312793           3.222407           0.050111           0.113818           0.105100        1230.649978           3.276940           0.000006           0.598201    3.818708E-04    
 087           5.338365           3.902536           2.143143           2.945385           0.033662           0.041156           0.041325        1230.643681           3.132140           0.000000           0.426837    2.973584E-02    
 088           3.947084           1.902543           1.308388           3.201238           1.469178          59.387598          59.385402        1230.648742           3.365126           0.169251           0.564553    1.202415E-08    
 089           5.350466           3.921761           2.143424           2.941599           0.024122           0.024369           0.014466        1230.643693           3.132020           0.000000           0.427161    7.341600E-02    
 090           4.017722           1.257827           2.138269           3.160343           5.125723          53.008027          52.721704        1230.648719           3.268535           0.064453           0.563922    3.346904E-08    
 091           4.013840           1.433579           1.967212           3.191526           5.148455          46.695915          46.460444        1230.652274           3.024840           0.068650           0.660668    3.668970E-08    
 092           3.925658           1.907838           1.261014           3.190734           2.052258          59.930605          59.930279        1230.648711           3.357350           0.158051           0.563721    1.293601E-08    
 094           4.017881           1.263381           2.136325           3.159645           5.049614          53.056506          52.779188        1230.648715           3.268119           0.064451           0.563830    3.347831E-08    
 095           3.949348           0.072538           2.293062           3.214646           1.424073          59.018187          59.018279        1230.648662           3.363837           0.168216           0.562380    1.210747E-08    
 096           4.013533           2.690900           0.303563           2.962323           5.151621          46.535036          46.293615        1230.652336           3.024001           0.068780           0.662340    3.664055E-08    
 097           3.308268           0.064576           0.015781           3.307601           0.032455           0.643859           0.644135        1230.665743           2.609982           0.000006           1.027166    5.814881E-04    
 098           4.008894           2.677083           0.304024           2.968505           5.025864          47.027028          46.808566        1230.652329           3.030332           0.070086           0.662167    3.580758E-08    
 099           4.013600           1.436963           1.962796           3.192422           5.158500          46.690718          46.456299        1230.652279           3.025402           0.068371           0.660790    3.682574E-08    
 100           3.137255           0.000295           0.000341           3.137255           0.044945          49.626090          49.626072        1230.671016           2.462979           0.030156           1.170654    1.259795E-07    
 101           4.136318           2.726941           0.019480           3.110071           0.143407           0.172971           0.096746        1230.652413           3.011252           0.000002           0.664457    1.623982E-03    
 102           4.025161           0.587922           2.343637           3.219260           0.063255           0.167109           0.157025        1230.649929           3.302853           0.000019           0.596852    1.092784E-04    
 103           3.996930           1.417827           1.937448           3.195546           5.196480          46.585328          46.333382        1230.652206           3.029032           0.069032           0.658828    3.638598E-08    
 104           4.207086           2.848506           0.026331           3.095948           0.058747           0.059285           0.009939        1230.652609           3.024466           0.000000           0.669791    8.687490E-02    
 105           4.177714           2.801195           0.009110           3.099438           0.011483           0.025661           0.024302        1230.652614           3.014473           0.000000           0.669930    7.459125E-02    
 106           3.135969           0.002253           0.001289           3.135968           0.014147          49.775235          49.775237        1230.671005           2.458381           0.030231           1.170352    1.261345E-07    
 107           3.131788           0.000980           0.000183           3.131788           0.036212          49.704406          49.704398        1230.670928           2.451371           0.030095           1.168271    1.274301E-07    
 108           4.016421           2.695935           0.304605           2.961551           5.123669          46.761583          46.528207        1230.652330           3.023122           0.069123           0.662204    3.647983E-08    
 109           4.192547           2.825572           0.030051           3.097207           0.019814           0.020217           0.006149        1230.652620           3.019906           0.000000           0.670074    2.526985E+00    
 110           3.135953           0.008262           0.001545           3.135942           0.040670          49.783237          49.783245        1230.671003           2.458404           0.030250           1.170310    1.260558E-07    
 112           3.294850           0.013954           0.005522           3.294816           0.005681           0.007562           0.007660        1230.665654           2.578713           0.000000           1.024767    3.850714E-01    
 113           4.187018           2.815503           0.008915           3.099030           0.013807           0.014294           0.003939        1230.652622           3.017637           0.000000           0.670149    2.300716E-01    
 114           4.016752           1.238691           2.161827           3.150626           4.970032          52.301433          52.028696        1230.648734           3.269445           0.062011           0.564346    3.476752E-08    
 115           4.010659           1.210607           2.159877           3.155114           4.981323          52.415051          52.141521        1230.648705           3.266999           0.062433           0.563553    3.458394E-08    
 116           4.192845           2.823631           0.000900           3.099525           0.075615           0.106428           0.082782        1230.652621           3.019712           0.000000           0.670120    1.175493E-02    
 117           4.018267           2.698646           0.301084           2.961946           5.072988          46.710288          46.482608        1230.652332           3.023276           0.069166           0.662254    3.645394E-08    
 118           3.135746           0.005750           0.002384           3.135740           0.044895          49.661592          49.661582        1230.671003           2.458165           0.030093           1.170298    1.267346E-07    
 119           4.013889           1.444202           1.960651           3.190836           5.118231          46.612172          46.379603        1230.652276           3.024638           0.068599           0.660712    3.672162E-08    
 120           4.185074           2.812182           0.010533           3.099414           0.001711           0.018014           0.017938        1230.652623           3.017138           0.000000           0.670159    4.688193E-02    
 121           4.014996           2.694895           0.302113           2.960822           5.170682          46.693486          46.453450        1230.652328           3.022540           0.069009           0.662150    3.655420E-08    
 122           4.014198           2.692267           0.307463           2.961579           5.165626          46.640951          46.399826        1230.652330           3.023334           0.068850           0.662203    3.661981E-08    
 123           4.017527           2.698043           0.302044           2.961394           5.115077          46.639696          46.405996        1230.652332           3.023294           0.068990           0.662243    3.654637E-08    
 124           4.199706           2.837670           0.000880           3.095991           0.019372           0.118984           0.120136        1230.652617           3.021244           0.000001           0.670011    3.086490E-03    
 125           4.193307           2.827817           0.015284           3.096295           0.047618           0.055243           0.031263        1230.652620           3.019442           0.000000           0.670082    1.011105E-01    
 126           4.013916           1.435196           1.967103           3.190963           5.130517          46.775133          46.543403        1230.652273           3.024155           0.068797           0.660649    3.662810E-08    
 127           9.883706           3.608141           9.201143           0.089076          89.780321          82.342635          29.668000        1230.631247           3.517645           0.794388           0.088488    2.344514E-09    
 128           4.193277           2.826400           0.007842           3.097576           0.018150           0.042972           0.043248        1230.652622           3.019268           0.000000           0.670132    4.012784E-02    
 129           4.016597           2.696600           0.303690           2.961278           5.129955          46.647958          46.412698        1230.652330           3.023225           0.068932           0.662188    3.657880E-08    
 130           4.014713           1.448409           1.954607           3.193672           5.275375          46.587864          46.336329        1230.652259           3.022373           0.068909           0.660264    3.661145E-08    
 131           4.013201           1.441876           1.960026           3.191406           5.137671          46.632097          46.397557        1230.652274           3.024131           0.068564           0.660664    3.675286E-08    
 132           4.015767           2.694279           0.302035           2.962435           5.112564          46.513996          46.276855        1230.652336           3.024159           0.068863           0.662347    3.659292E-08    
 133           4.014705           1.444477           1.963631           3.189904           5.098058          46.751799          46.523507        1230.652274           3.023767           0.068955           0.660673    3.655336E-08    
 134           4.201415           2.843020           0.002267           3.093400           0.066315           0.066776           0.008699        1230.652612           3.021587           0.000000           0.669866    6.310438E-01    
 135           4.014760           1.441585           1.963305           3.191483           5.147903          46.639862          46.404077        1230.652275           3.024450           0.068632           0.660693    3.670875E-08    
 136           4.019608           1.213843           2.188638           3.145425           4.814105          53.371601          53.121712        1230.648740           3.269843           0.064624           0.564503    3.335352E-08    
 137           4.009882           1.215134           2.155455           3.155411           5.012190          52.427647          52.150854        1230.648689           3.266854           0.062557           0.563126    3.451854E-08    
 138           4.012148           1.441224           1.956380           3.192614           5.166503          46.574956          46.334815        1230.652276           3.024545           0.068550           0.660727    3.675039E-08    
 139           4.013829           1.450039           1.954756           3.191730           5.149430          46.526117          46.286269        1230.652275           3.024602           0.068690           0.660691    3.667423E-08    
 140           4.193538           2.824268           0.017287           3.099833           0.100237           0.108583           0.043823        1230.652618           3.019653           0.000000           0.670029    2.660431E-02    
 141           4.017775           2.698552           0.297475           2.961730           5.068410          46.914036          46.688474        1230.652327           3.022422           0.069615           0.662121    3.623911E-08    
 142           3.235563           0.023467           0.010912           3.235460           0.023030          79.044825          79.044822        1230.655840           3.067089           0.124892           0.757713    1.961562E-08    
 143           4.026307           0.720408           2.302422           3.223509           0.041095           0.064150           0.049537        1230.649985           3.271226           0.000002           0.598381    1.154136E-03    
 144           4.192548           2.826072           0.004142           3.096896           0.032869           0.043938           0.031588        1230.652620           3.019247           0.000000           0.670093    3.717779E-02    
 145           4.194515           2.828618           0.029145           3.097100           0.015270           0.093072           0.094009        1230.652618           3.020143           0.000001           0.670041    3.226806E-03    
 146           4.032114           0.715713           2.316270           3.221893           0.090721           0.183583           0.159738        1230.649983           3.272035           0.000010           0.598336    2.051808E-04    
 147           4.189539           2.819770           0.008126           3.098559           0.018219           0.026267           0.020660        1230.652622           3.018306           0.000000           0.670140    1.264833E-01    
 148           4.014285           1.439062           1.968865           3.188597           5.061431          46.903821          46.680291        1230.652271           3.023625           0.069240           0.660584    3.640646E-08    
 149           3.946960           1.899055           1.311558           3.201858           1.381102          59.255839          59.252927        1230.648740           3.365432           0.169947           0.564489    1.197275E-08    
 150           3.307951           0.014810           0.035886           3.307723           0.036686           0.175186           0.171634        1230.665768           2.607638           0.000000           1.027857    9.466995E-03    
 151           5.352556           3.920504           2.154969           2.938642           0.069362           0.070847           0.063955        1230.643687           3.128370           0.000000           0.427016    5.279815E-03    
 152           4.015857           1.442686           1.965944           3.190740           5.133945          46.760740          46.527969        1230.652273           3.023816           0.068977           0.660628    3.654028E-08    
 153           3.135831           0.004864           0.000747           3.135827           0.018640          49.815517          49.815514        1230.671002           2.457690           0.030305           1.170293    1.258974E-07    
 154           4.017020           1.204309           2.182302           3.150182           4.921102          52.798937          52.533597        1230.648739           3.268557           0.063202           0.564467    3.413086E-08    
 155           4.021868           0.746587           2.284423           3.224816           0.037797           0.039366           0.013344        1230.649995           3.266575           0.000000           0.598644    2.138371E-02    
 156           4.016747           2.695659           0.307364           2.961960           5.104770          46.661753          46.428990        1230.652332           3.023712           0.068927           0.662248    3.656950E-08    
 157           4.142270           2.743640           0.015875           3.103320           0.029092           0.030140           0.010672        1230.652444           3.008383           0.000000           0.665298    5.092763E-02    
 159           4.162046           2.783211           0.010833           3.094551           0.106636           0.122992           0.073328        1230.652478           3.006185           0.000005           0.666208    5.242817E-04    
 160           3.135878           0.005906           0.001404           3.135872           0.021841          49.738942          49.738935        1230.671003           2.458326           0.030188           1.170314    1.263206E-07    
 161           4.016873           0.656893           2.306328           3.222517           0.053957           0.174772           0.167067        1230.649965           3.286893           0.000014           0.597826    1.493897E-04    
 162           4.014768           1.443258           1.961339           3.191946           5.168631          46.697996          46.460354        1230.652274           3.023942           0.068859           0.660672    3.659999E-08    
 163           4.193707           2.835547           0.003593           3.089797           0.041967           0.040167           0.012579        1230.652574           3.012477           0.000000           0.668831    6.193816E-02    
 164           3.305552           0.002683           0.005982           3.305545           0.008086           0.015344           0.014242        1230.665760           2.602018           0.000000           1.027636    2.836532E-01    
 165           3.926092           1.927428           1.244380           3.186023           2.071156          59.800099          59.805025        1230.648700           3.357212           0.154238           0.563401    1.325689E-08    
 166           4.016411           2.694985           0.305935           2.962265           5.099474          46.569810          46.336508        1230.652334           3.024059           0.068811           0.662290    3.662260E-08    
 167           4.013795           1.439344           1.963382           3.191233           5.136063          46.777925          46.545587        1230.652273           3.023831           0.068875           0.660641    3.659434E-08    
 168           4.017227           1.440652           1.971502           3.189955           5.118955          46.778920          46.547732        1230.652271           3.024080           0.069001           0.660579    3.652156E-08    
 169           4.015640           1.440271           1.968472           3.190001           5.110939          46.783254          46.553835        1230.652272           3.023992           0.068955           0.660619    3.654796E-08    
 170           3.924123           0.001166           2.252758           3.213070           1.896446          59.614858          59.619857        1230.648672           3.360331           0.153952           0.562657    1.325689E-08    
 171           5.356093           3.919465           2.159259           2.943320           0.056197           0.059358           0.055123        1230.643690           3.128295           0.000000           0.427087    5.388810E-03    
 172           3.135572           0.000482           0.000021           3.135572           0.004457          49.726636          49.726631        1230.671000           2.457673           0.030170           1.170237    1.264655E-07    
 173           4.017867           1.281248           2.125209           3.159927           5.030988          53.207218          52.932218        1230.648717           3.269156           0.065081           0.563866    3.313350E-08    
 174           4.014177           1.439681           1.963866           3.191264           5.139138          46.674824          46.441199        1230.652275           3.024349           0.068625           0.660684    3.671501E-08    
 175           4.018661           2.700804           0.300730           2.960551           5.142600          46.640195          46.402934        1230.652332           3.023212           0.069146           0.662232    3.646574E-08    
 176           4.196124           2.830188           0.010133           3.097965           0.040056           0.040147           0.006265        1230.652620           3.020223           0.000000           0.670070    5.052911E-01    
 177           3.920367           0.009913           2.246664           3.212738           2.224880          59.985895          59.985950        1230.648684           3.355644           0.152555           0.562972    1.341561E-08    
 178           4.023128           0.556324           2.349403           3.218131           0.022387           0.036652           0.040230        1230.649909           3.310201           0.000001           0.596322    1.974837E-03    
 179           4.024185           0.621106           2.331919           3.220317           0.030861           0.076425           0.075332        1230.649946           3.293657           0.000007           0.597322    3.061071E-04    
 180           9.183392           9.167389           0.483182           0.245363          89.987115          71.556915          83.144389        1230.631543           3.516317           0.722433           0.096537    2.579980E-09    
 181           4.013836           1.428499           1.974567           3.189257           5.090605          46.891997          46.661463        1230.652267           3.023920           0.069555           0.660484    3.623435E-08    
 182           4.015700           2.693707           0.307790           2.962271           5.103467          46.617964          46.384825        1230.652333           3.023716           0.068782           0.662260    3.664642E-08    
 183           4.021273           0.835092           2.255998           3.222380           0.056237           0.150750           0.139898        1230.649890           3.241488           0.000002           0.595785    9.848739E-04    
 184           3.136140           0.000688           0.000166           3.136140           0.015769          49.708996          49.709002        1230.671007           2.458924           0.030164           1.170424    1.263604E-07    
 185           4.015938           1.447404           1.963386           3.190281           5.109475          46.683632          46.453003        1230.652275           3.024274           0.068886           0.660701    3.657768E-08    
 186           4.187263           2.809070           0.032123           3.105039           0.233838           0.333874           0.249705        1230.652618           3.018711           0.000003           0.670023    8.637249E-04    
 187           3.947879           1.905164           1.310001           3.199999           1.378910          59.067352          59.065692        1230.648737           3.365246           0.168804           0.564434    1.205515E-08    
 188           5.349087           3.911673           2.159842           2.940516           0.039847           0.108323           0.100728        1230.643685           3.128510           0.000001           0.426951    4.690409E-03    
 189           4.020687           0.569688           2.340661           3.219113           0.038692           0.069734           0.062636        1230.649919           3.306264           0.000006           0.596571    3.393230E-04    
 190           4.018571           1.233642           2.167852           3.150787           4.836632          53.004946          52.749104        1230.648745           3.269761           0.063675           0.564639    3.385227E-08    
 191           4.021619           0.739089           2.284247           3.226357           0.326094           0.728023           0.656239        1230.649991           3.269433           0.000171           0.598535    1.261094E-05    
 192           4.011704           1.430778           1.966292           3.190665           5.115774          46.854504          46.625792        1230.652271           3.024123           0.068836           0.660581    3.660776E-08    
 193           5.330099           3.885990           2.149292           2.947810           0.082103           0.129287           0.152980        1230.643676           3.133188           0.000003           0.426710    6.959858E-04    
 194           3.950669           0.078552           2.294098           3.215390           1.409584          58.933554          58.933272        1230.648656           3.364789           0.169798           0.562217    1.198784E-08    
 195           3.918731           1.934577           1.230244           3.178108           2.338352          60.242738          60.257871        1230.648656           3.353016           0.148163           0.562217    1.383498E-08    
 196           4.024590           0.668785           2.312953           3.224949           0.102411           0.107345           0.132824        1230.649975           3.284549           0.000003           0.598095    7.856499E-04    
 197           3.921853           1.924682           1.238173           3.184880           2.244841          60.144233          60.150489        1230.648685           3.355683           0.152745           0.562998    1.339864E-08    
 198           4.014176           1.440324           1.963257           3.191346           5.146188          46.737960          46.504191        1230.652274           3.023874           0.068821           0.660671    3.662181E-08    
 199           4.018490           2.700858           0.298743           2.960469           5.152894          46.577906          46.337544        1230.652332           3.023346           0.069092           0.662235    3.649078E-08    
 200           4.020983           0.637050           2.320258           3.221626           0.070660           0.138574           0.119219        1230.649953           3.290988           0.000008           0.597505    2.528316E-04    
